# 
# modificat renumerant el 570 a 0
# 
0 156 
1 5 6 7 
2 34 245 50 6 7 
3 4 45 222 277 
4 
5 
6 333 15 17 126 
7 50 10 
8 480 97 484 390 364 367 19 27 
9 292 104 41 170 47 369 21 489 186 27 28 250 
10 
11 128 376 258 203 228 550 106 107 239 45 142 15 141 280 20 472 267 250 143 28 557 
12 32 185 75 51 340 
13 146 258 254 
14 49 308 
15 128 102 245 94 
16 109 
17 69 104 46 50 19 21 150 471 121 282 27 30 549 
18 24 
19 385 388 25 414 543 558 434 307 180 58 192 331 474 475 476 477 478 479 104 111 374 
20 36 37 262 551 45 400 433 21 312 377 412 253 30 181 
21 170 331 489 27 490 
22 288 73 268 38 265 
23 299 62 495 
24 235 372 
25 59 290 342 543 
26 33 68 101 
27 36 111 50 104 
28 37 327 72 332 46 424 499 500 122 381 
29 224 162 223 95 
30 281 
31 136 89 170 63 
32 443 567 
33 537 339 34 285 
34 51 44 
35 104 170 250 
36 418 70 552 106 429 399 403 215 
37 262 428 341 92 
38 219 
39 66 131 
40 168 81 228 
41 138 55 
42 131 
43 418 371 52 61 
44 81 51 
45 101 106 404 116 375 189 
46 386 291 100 69 394 397 373 376 
47 490 144 402 471 201 
48 113 132 
49 382 109 
50 462 255 
51 
52 96 176 214 312 
53 226 426 423 
54 275 425 115 
55 
56 74 
57 569 396 317 
58 448 321 
59 227 471 
60 135 491 85 159 189 191 
61 292 231 
62 378 67 156 229 
63 314 374 
64 316 325 
65 80 432 323 83 263 
66 161 290 297 
67 274 487 229 343 
68 256 431 
69 290 262 405 376 287 
70 130 278 503 
71 542 414 
72 99 100 232 138 460 430 208 561 218 382 
73 200 219 261 
74 94 
75 76 166 303 
76 313 236 203 
77 177 147 445 
78 376 305 122 546 
79 329 450 252 431 
80 488 559 85 120 220 191 
81 185 266 204 
82 249 110 263 
83 494 246 
84 167 491 85 86 88 251 125 
85 135 488 140 191 159 
86 404 395 303 
87 536 366 
88 
89 104 418 429 
90 368 137 
91 324 229 361 492 493 494 495 496 343 219 
92 
93 309 139 221 190 183 
94 259 429 463 
95 126 
96 172 117 
97 479 279 
98 324 
99 289 444 436 119 
100 289 198 208 216 218 
101 259 285 143 
102 128 242 
103 393 433 
104 
105 428 341 
106 417 
107 148 407 
108 145 482 397 
109 305 297 239 376 
110 168 209 263 257 
111 170 210 
112 493 158 
113 257 212 469 439 440 
114 542 
115 149 
116 176 215 
117 308 172 
118 202 
119 387 
120 
121 
122 401 302 
123 323 187 
124 410 140 255 
125 186 135 
126 194 
127 163 156 
128 164 
129 315 156 
130 559 
131 333 
132 
133 434 530 
134 392 
135 487 169 491 
136 181 
137 441 
138 463 218 539 413 446 
139 183 
140 311 
141 199 
142 
143 179 206 205 
144 307 314 247 
145 530 
146 171 238 
147 562 334 149 
148 533 319 
149 317 
150 420 
151 186 
152 246 
153 498 164 
154 217 302 297 
155 467 
156 288 261 200 269 274 
157 320 209 394 432 
158 256 487 
159 220 491 487 
160 220 
161 
162 195 
163 
164 
165 182 303 
166 228 
167 
168 249 
169 202 
170 210 489 
171 254 
172 560 308 271 
173 553 
174 532 
175 555 237 502 501 
176 418 
177 
178 189 
179 
180 192 
181 241 
182 215 
183 221 
184 185 266 195 340 
185 
186 325 
187 553 306 244 
188 209 394 244 326 257 
189 193 
190 221 
191 487 
192 211 
193 443 
194 
195 196 
196 
197 224 198 
198 199 
199 208 225 340 
200 268 
201 
202 
203 
204 
205 363 
206 
207 548 421 406 
208 232 283 
209 264 
210 
211 304 
212 257 
213 500 284 
214 330 
215 
216 
217 403 
218 422 
219 
220 
221 272 419 
222 
223 266 
224 
225 340 
226 423 
227 
228 
229 495 343 
230 392 408 
231 250 380 
232 
233 306 
234 289 278 
235 
236 280 
237 555 
238 258 
239 305 
240 544 420 
241 
242 498 
243 283 
244 
245 
246 301 
247 314 307 
248 544 
249 
250 
251 
252 
253 438 
254 
255 
256 
257 458 365 370 
258 
259 
260 487 
261 315 389 487 
262 
263 451 439 440 
264 415 
265 299 
266 
267 
268 
269 
270 531 
271 308 
272 296 419 
273 396 
274 492 
275 
276 306 397 
277 319 
278 
279 
280 
281 344 
282 436 471 
283 337 465 
284 293 
285 
286 392 462 
287 
288 
289 
290 532 505 
291 410 
292 
293 295 
294 300 366 
295 411 383 
296 362 
297 376 
298 411 372 
299 
300 
301 
302 
303 
304 309 
305 376 
306 
307 471 
308 
309 
310 332 318 
311 
312 412 
313 
314 490 
315 487 325 
316 
317 
318 
319 427 
320 453 567 335 
321 512 516 519 522 525 528 510 
322 328 
323 541 449 
324 
325 
326 
327 369 
328 564 458 
329 
330 438 
331 435 
332 
333 
334 408 
335 458 
336 564 
337 465 467 
338 445 423 
339 
340 
341 
342 504 505 
343 496 
344 
345 371 
346 417 
347 399 
348 405 
349 375 
350 400 
351 381 
352 406 
353 368 
354 382 
355 425 
356 393 
357 386 
358 401 
359 426 
360 387 
361 
362 563 470 
363 
364 409 475 
365 
366 
367 477 486 
368 
369 398 
370 
371 
372 
373 
374 
375 
376 
377 509 
378 389 487 
379 566 
380 566 
381 
382 413 
383 531 
384 531 
385 391 
386 
387 
388 
389 
390 474 483 
391 447 
392 
393 
394 
395 
396 
397 
398 
399 
400 
401 
402 
403 
404 430 
405 
406 
407 
408 
409 
410 
411 
412 
413 
414 
415 
416 464 459 
417 
418 
419 
420 
421 
422 
423 
424 
425 
426 
427 
428 
429 
430 446 
431 
432 
433 
434 510 
435 502 
436 
437 460 
438 
439 
440 
441 447 
442 511 
443 
444 556 
445 
446 459 
447 
448 558 
449 
450 452 
451 
452 534 
453 565 
454 510 
455 520 519 
456 516 517 
457 528 529 
458 
459 
460 466 463 
461 525 526 
462 
463 
464 466 
465 
466 
467 468 
468 554 
469 
470 497 563 
471 546 549 
472 
473 524 525 
474 
475 
476 484 
477 
478 480 
479 
480 481 
481 
482 
483 
484 485 
485 
486 
487 488 
488 
489 
490 
491 
492 
493 
494 
495 496 
496 
497 
498 
499 
500 
501 502 
502 
503 
504 
505 508 
506 507 
507 508 
508 
509 
510 
511 512 
512 513 
513 514 
514 515 
515 516 
516 
517 518 
518 519 
519 
520 521 
521 522 
522 523 
523 524 
524 
525 
526 527 
527 528 
528 
529 530 
530 
531 
532 
533 
534 535 
535 
536 558 
537 538 
538 554 
539 540 
540 
541 
542 
543 
544 
545 546 547 
546 
547 548 
548 
549 556 
550 
551 
552 
553 
554 
555 
556 
557 
558 
559 
560 
561 
562 
563 
564 
565 
566 
567 568 
568 
569 
