0 156 
1 5 6 7 
2 6 7 34 50 245 
3 4 45 222 277 
4 
5 
6 15 17 126 333 
7 10 50 
8 19 27 97 364 367 390 480 484 
9 21 27 28 41 47 104 170 186 250 292 369 489 
10 
11 15 20 28 45 106 107 128 141 142 143 203 228 239 250 258 267 280 376 472 550 557 
12 32 51 75 185 340 
13 146 254 258 
14 49 308 
15 94 102 128 245 
16 109 
17 19 21 27 30 46 50 69 104 121 150 282 471 549 
18 24 
19 25 58 104 111 180 192 307 331 374 385 388 414 434 474 475 476 477 478 479 543 558 
20 21 30 36 37 45 181 253 262 312 377 400 412 433 551 
21 27 170 331 489 490 
22 38 73 265 268 288 
23 62 299 495 
24 235 372 
25 59 290 342 543 
26 33 68 101 
27 36 50 104 111 
28 37 46 72 122 327 332 381 424 499 500 
29 95 162 223 224 
30 281 
31 63 89 136 170 
32 443 567 
33 34 285 339 537 
34 44 51 
35 104 170 250 
36 70 106 215 399 403 418 429 552 
37 92 262 341 428 
38 219 
39 66 131 
40 81 168 228 
41 55 138 
42 131 
43 52 61 371 418 
44 51 81 
45 101 106 116 189 375 404 
46 69 100 291 373 376 386 394 397 
47 144 201 402 471 490 
48 113 132 
49 109 382 
50 255 462 
51 
52 96 176 214 312 
53 226 423 426 
54 115 275 425 
55 
56 74 
57 317 396 569 
58 321 448 
59 227 471 
60 85 135 159 189 191 491 
61 231 292 
62 67 156 229 378 
63 314 374 
64 316 325 
65 80 83 263 323 432 
66 161 290 297 
67 229 274 343 487 
68 256 431 
69 262 287 290 376 405 
70 130 278 503 
71 414 542 
72 99 100 138 208 218 232 382 430 460 561 
73 200 219 261 
74 94 
75 76 166 303 
76 203 236 313 
77 147 177 445 
78 122 305 376 546 
79 252 329 431 450 
80 85 120 191 220 488 559 
81 185 204 266 
82 110 249 263 
83 246 494 
84 85 86 88 125 167 251 491 
85 135 140 159 191 488 
86 303 395 404 
87 366 536 
88 
89 104 418 429 
90 137 368 
91 219 229 324 343 361 492 493 494 495 496 
92 
93 139 183 190 221 309 
94 259 429 463 
95 126 
96 117 172 
97 279 479 
98 324 
99 119 289 436 444 
100 198 208 216 218 289 
101 143 259 285 
102 128 242 
103 393 433 
104 
105 341 428 
106 417 
107 148 407 
108 145 397 482 
109 239 297 305 376 
110 168 209 257 263 
111 170 210 
112 158 493 
113 212 257 439 440 469 
114 542 
115 149 
116 176 215 
117 172 308 
118 202 
119 387 
120 
121 
122 302 401 
123 187 323 
124 140 255 410 
125 135 186 
126 194 
127 156 163 
128 164 
129 156 315 
130 559 
131 333 
132 
133 434 530 
134 392 
135 169 487 491 
136 181 
137 441 
138 218 413 446 463 539 
139 183 
140 311 
141 199 
142 
143 179 205 206 
144 247 307 314 
145 530 
146 171 238 
147 149 334 562 
148 319 533 
149 317 
150 420 
151 186 
152 246 
153 164 498 
154 217 297 302 
155 467 
156 200 261 269 274 288 
157 209 320 394 432 
158 256 487 
159 220 487 491 
160 220 
161 
162 195 
163 
164 
165 182 303 
166 228 
167 
168 249 
169 202 
170 210 489 
171 254 
172 271 308 560 
173 553 
174 532 
175 237 501 502 555 
176 418 
177 
178 189 
179 
180 192 
181 241 
182 215 
183 221 
184 185 195 266 340 
185 
186 325 
187 244 306 553 
188 209 244 257 326 394 
189 193 
190 221 
191 487 
192 211 
193 443 
194 
195 196 
196 
197 198 224 
198 199 
199 208 225 340 
200 268 
201 
202 
203 
204 
205 363 
206 
207 406 421 548 
208 232 283 
209 264 
210 
211 304 
212 257 
213 284 500 
214 330 
215 
216 
217 403 
218 422 
219 
220 
221 272 419 
222 
223 266 
224 
225 340 
226 423 
227 
228 
229 343 495 
230 392 408 
231 250 380 
232 
233 306 
234 278 289 
235 
236 280 
237 555 
238 258 
239 305 
240 420 544 
241 
242 498 
243 283 
244 
245 
246 301 
247 307 314 
248 544 
249 
250 
251 
252 
253 438 
254 
255 
256 
257 365 370 458 
258 
259 
260 487 
261 315 389 487 
262 
263 439 440 451 
264 415 
265 299 
266 
267 
268 
269 
270 531 
271 308 
272 296 419 
273 396 
274 492 
275 
276 306 397 
277 319 
278 
279 
280 
281 344 
282 436 471 
283 337 465 
284 293 
285 
286 392 462 
287 
288 
289 
290 505 532 
291 410 
292 
293 295 
294 300 366 
295 383 411 
296 362 
297 376 
298 372 411 
299 
300 
301 
302 
303 
304 309 
305 376 
306 
307 471 
308 
309 
310 318 332 
311 
312 412 
313 
314 490 
315 325 487 
316 
317 
318 
319 427 
320 335 453 567 
321 510 512 516 519 522 525 528 
322 328 
323 449 541 
324 
325 
326 
327 369 
328 458 564 
329 
330 438 
331 435 
332 
333 
334 408 
335 458 
336 564 
337 465 467 
338 423 445 
339 
340 
341 
342 504 505 
343 496 
344 
345 371 
346 417 
347 399 
348 405 
349 375 
350 400 
351 381 
352 406 
353 368 
354 382 
355 425 
356 393 
357 386 
358 401 
359 426 
360 387 
361 
362 470 563 
363 
364 409 475 
365 
366 
367 477 486 
368 
369 398 
370 
371 
372 
373 
374 
375 
376 
377 509 
378 389 487 
379 566 
380 566 
381 
382 413 
383 531 
384 531 
385 391 
386 
387 
388 
389 
390 474 483 
391 447 
392 
393 
394 
395 
396 
397 
398 
399 
400 
401 
402 
403 
404 430 
405 
406 
407 
408 
409 
410 
411 
412 
413 
414 
415 
416 459 464 
417 
418 
419 
420 
421 
422 
423 
424 
425 
426 
427 
428 
429 
430 446 
431 
432 
433 
434 510 
435 502 
436 
437 460 
438 
439 
440 
441 447 
442 511 
443 
444 556 
445 
446 459 
447 
448 558 
449 
450 452 
451 
452 534 
453 565 
454 510 
455 519 520 
456 516 517 
457 528 529 
458 
459 
460 463 466 
461 525 526 
462 
463 
464 466 
465 
466 
467 468 
468 554 
469 
470 497 563 
471 546 549 
472 
473 524 525 
474 
475 
476 484 
477 
478 480 
479 
480 481 
481 
482 
483 
484 485 
485 
486 
487 488 
488 
489 
490 
491 
492 
493 
494 
495 496 
496 
497 
498 
499 
500 
501 502 
502 
503 
504 
505 508 
506 507 
507 508 
508 
509 
510 
511 512 
512 513 
513 514 
514 515 
515 516 
516 
517 518 
518 519 
519 
520 521 
521 522 
522 523 
523 524 
524 
525 
526 527 
527 528 
528 
529 530 
530 
531 
532 
533 
534 535 
535 
536 558 
537 538 
538 554 
539 540 
540 
541 
542 
543 
544 
545 546 547 
546 
547 548 
548 
549 556 
550 
551 
552 
553 
554 
555 
556 
557 
558 
559 
560 
561 
562 
563 
564 
565 
566 
567 568 
568 
569 
