Initial graph SW-WS

order	size	min	max	avg	cluster		rad	diam	avg-dist	correl
40	80	3	5	4.0	0.321667	5	6	3.308974	-0.131903

Comm Centr (Algo 2 - threshold accept)

40	89	3	7	4,45	0,073214	3	5	2,546154	-0,10983840	88	2	7	4,4	0,07619		3	5	2,552564	-0,29292940	87	2	7	4,35	0,112024	3	5	2,608974	-0,27007340	88	2	7	4,4	0,103333	3	4	2,571795	-0,26984140	89	3	6	4,45	0,105		3	4	2,547436	-0,21687940	89	2	7	4,45	0,090357	3	4	2,508974	-0,12214340	90	2	7	4,5	0,084524	3	4	2,467949	-0,26132540	88	2	6	4,4	0,1275		3	5	2,562821	-0,33151640	90	3	7	4,5	0,053333	3	4	2,471795	-0,30240940	88	3	7	4,4	0,09119		3	4	2,548718	-0,197077
promig40	88,6	2,4	6,8	4,43	0,0916665	3	4,4	2,538718	-0,237403



Comm Centr (Algo 2 - simulated annealing)
40	89	3	6	4,45	0,115833	3	4	2,55		-0,28681440	87	2	7	4,35	0,085357	3	4	2,584615	-0,25915440	90	3	7	4,5	0,005833	3	5	2,494872	-0,1992640	90	2	7	4,5	0,04369		3	5	2,528205	-0,34434940	89	3	7	4,45	0,050833	3	4	2,539744	-0,28462440	88	2	7	4,4	0,082738	3	5	2,555128	-0,39798640	88	2	7	4,4	0,056667	3	5	2,55641		-0,26673240	91	3	6	4,55	0,075		3	4	2,483333	-0,30686740	87	3	7	4,35	0,07869		3	4	2,580769	-0,2898940	88	3	7	4,4	0,085714	3	5	2,575641	-0,286275
promig40	88,7	2,6	6,8	4,435	0,059895625	3	4,625	2,53926275	-0,298529714




Betw Centr (Algo 1 - simulated annealing)
40      76	1	8	3,8	0,104583	4	7	3,076923	0,462853
40	75	1	7	3,75	0,054524	4	6	3,002564	0,27033
40	72	1	7	3,6	0,048095	4	6	3,00641		0,305331
40	74	1	6	3,7	0,039167	4	7	2,94359		-0,000946
40	75	1	6	3,75	0,130833	4	7	3,028205	0,140335
40	73	1	7	3,65	0,022976	4	8	3,033333	0,133212
40	69	1	6	3,45	0,015		4	6	3,048718	-0,034564
40	74	1	6	3,7	0,090833	4	6	2,969231	0,049693
40	72	1	7	3,6	0,075714	4	7	3,098718	0,257143
40	74	1	7	3,7	0,039881	4	8	3,139744	0,434991
promig
40	73,4	1	6,7	3,67	0,0621606	4	6,66666	3,030057	0,172836111
