0 1 4 7 8 29 
1 3 7 8 9 17 
2 5 7 9 
3 6 
4 5 6 8 
5 6 
6 7 34 
7 
8 9 21 
9 11 
10 11 12 15 16 19 22 
11 12 16 19 21 
12 15 19 20 
13 16 21 
14 15 16 17 18 21 
15 17 18 20 21 
16 
17 18 19 21 22 25 
18 19 20 21 
19 21 
20 22 
21 31 
22 27 
23 24 25 26 27 31 32 33 34 37 39 
24 25 32 34 35 36 37 38 39 
25 26 27 29 30 31 32 33 34 37 38 
26 28 30 38 39 
27 28 30 34 35 36 37 38 
28 29 30 31 35 36 37 38 
29 30 33 36 37 
30 32 33 35 36 38 
31 38 
32 33 35 36 38 
33 
34 35 36 37 
35 38 
36 37 38 
37 38 
38 
39 
