40    76	1	8	3,8	0,104583	4	7	3,076923	0,462853
40	75	1	7	3,75	0,054524	4	6	3,002564	0,27033
40	72	1	7	3,6	0,048095	4	6	3,00641	0,305331
40	74	1	6	3,7	0,039167	4	7	2,94359	-0,000946
40	75	1	6	3,75	0,130833	4	7	3,028205	0,140335
40	73	1	7	3,65	0,022976	4	8	3,033333	0,133212
40	69	1	6	3,45	0,015	4	6	3,048718	-0,034564
40	74	1	6	3,7	0,090833	4	6	2,969231	0,049693
40	72	1	7	3,6	0,075714	4	7	3,098718	0,257143
40	74	1	7	3,7	0,039881	4	8	3,139744	0,434991
40	73,4	1	6,7	3,67	0,0621606	4	6,666666667	3,030057	0,172836111